[{meta: 2018-03-13.17-15-01.17-20-01.admin.G329.avi}, {geom: {g0: 1775 593 1892 1038,
      id0: 1, id1: 1, keyframe: true, ts0: 4366, ts1: 145.53333333333333}}, {geom: {
      g0: 1734 594 1902 1054, id0: 2, id1: 1, keyframe: true, ts0: 4367, ts1: 145.56666666666666}}]
